4.6	2.0	0.08504815241308332
4.603622461941532	2.0	0.08482211910858435
4.610834580248302	2.0	0.08452890152225717
4.6215710408601	2.0	0.0843792643431901
4.635734612727042	2.0	0.08448402183083774
4.653197028349019	2.0	0.08474678171652772
4.673800145386036	2.0	0.08486840693258445
4.697357378819734	2.0	0.08446986487966593
4.7236553906962095	2.0	0.08327463519760045
4.752456022147562	2.0	0.08125717932566724
4.783498450195479	2.0	0.07867934156734319
4.816501549804521	2.0	0.0759939629387902
4.85116643979397	2.0	0.073663627424671
4.887179189552092	2.0	0.071985486754153
4.924213662040366	2.0	0.07100769768553307
4.961934467341006	2.0	0.07057264252903624
5.0	2.0	0.0704544872188236
5.038065532658994	2.0	0.07051039854576964
5.075786337959634	2.0	0.0707614641324571
5.112820810447907	2.0	0.07136177092023384
5.14883356020603	2.0	0.07247804044248427
5.183498450195479	2.0	0.07415218919334687
5.216501549804521	2.0	0.07622793802808032
5.247543977852438	2.0	0.07838599135808857
5.2763446093037905	2.0	0.0802712646007188
5.302642621180266	2.0	0.0816442868337386
5.326199854613964	2.0	0.08247558206162971
5.346802971650981	2.0	0.08293348507358367
5.364265387272958	2.0	0.08327443129267062
5.3784289591399	2.0	0.08369750813027313
5.389165419751698	2.0	0.08424281947440072
5.396377538058468	2.0	0.08478662923323356
5.4	2.0	0.08513076029303597
4.6	2.009056154853831	0.0850507174268293
4.603622461941532	2.009056154853831	0.08482584277781967
4.610834580248302	2.009056154853831	0.08453410670141549
4.6215710408601	2.009056154853831	0.08438512096254254
4.635734612727042	2.009056154853831	0.08448894524985777
4.653197028349019	2.009056154853831	0.08474929475294596
4.673800145386036	2.009056154853831	0.08486791335343884
4.697357378819734	2.009056154853831	0.08446682068417498
4.7236553906962095	2.009056154853831	0.08326997139218843
4.752456022147562	2.009056154853831	0.08125131475988312
4.783498450195479	2.009056154853831	0.07867143318716009
4.816501549804521	2.009056154853831	0.07598196948966199
4.85116643979397	2.009056154853831	0.0736453227084961
4.887179189552092	2.009056154853831	0.07195998234728607
4.924213662040366	2.009056154853831	0.07097665267306003
4.961934467341006	2.009056154853831	0.07054039154807848
5.0	2.009056154853831	0.07042681774581822
5.038065532658994	2.009056154853831	0.07049241172082209
5.075786337959634	2.009056154853831	0.07075548786026453
5.112820810447907	2.009056154853831	0.07136635655439477
5.14883356020603	2.009056154853831	0.07248860185975792
5.183498450195479	2.009056154853831	0.07416305704051039
5.216501549804521	2.009056154853831	0.07623489974359841
5.247543977852438	2.009056154853831	0.07838813486967289
5.2763446093037905	2.009056154853831	0.0802712786267805
5.302642621180266	2.009056154853831	0.08164712686722925
5.326199854613964	2.009056154853831	0.08248620147262385
5.346802971650981	2.009056154853831	0.08295475117216572
5.364265387272958	2.009056154853831	0.08330618865930564
5.3784289591399	2.009056154853831	0.08373711330042705
5.389165419751698	2.009056154853831	0.08428670040628415
5.396377538058468	2.009056154853831	0.08483193069897858
5.4	2.009056154853831	0.08517617493339742
4.6	2.027086450620756	0.08505995100569527
4.603622461941532	2.027086450620756	0.08483672891167753
4.610834580248302	2.027086450620756	0.08454702068927387
4.6215710408601	2.027086450620756	0.08439864797029652
4.635734612727042	2.027086450620756	0.08450042811456145
4.653197028349019	2.027086450620756	0.08475608654403696
4.673800145386036	2.027086450620756	0.08486854152763007
4.697357378819734	2.027086450620756	0.08446132273828795
4.7236553906962095	2.027086450620756	0.08325918765400238
4.752456022147562	2.027086450620756	0.08123561363054292
4.783498450195479	2.027086450620756	0.07864977363831128
4.816501549804521	2.027086450620756	0.07595208624492204
4.85116643979397	2.027086450620756	0.07360517890615405
4.887179189552092	2.027086450620756	0.07190981862329685
4.924213662040366	2.027086450620756	0.07092044983887195
4.961934467341006	2.027086450620756	0.07048569587807414
5.0	2.027086450620756	0.07038264567674402
5.038065532658994	2.027086450620756	0.07046598007060155
5.075786337959634	2.027086450620756	0.0707492534411426
5.112820810447907	2.027086450620756	0.0713768627676435
5.14883356020603	2.027086450620756	0.07250785485310118
5.183498450195479	2.027086450620756	0.07418194905494412
5.216501549804521	2.027086450620756	0.07624717015506231
5.247543977852438	2.027086450620756	0.07839305007353979
5.2763446093037905	2.027086450620756	0.08027380153789135
5.302642621180266	2.027086450620756	0.08165555177495314
5.326199854613964	2.027086450620756	0.08250844216748777
5.346802971650981	2.027086450620756	0.0829950731029036
5.364265387272958	2.027086450620756	0.08336386905319279
5.3784289591399	2.027086450620756	0.08380747160592558
5.389165419751698	2.027086450620756	0.08436372200694303
5.396377538058468	2.027086450620756	0.08491095151075158
5.4	2.027086450620756	0.08525518812498381
4.6	2.0539276021502495	0.085080453389061
4.603622461941532	2.0539276021502495	0.08485849922181309
4.610834580248302	2.0539276021502495	0.08457016878875213
4.6215710408601	2.0539276021502495	0.0844215914652277
4.635734612727042	2.0539276021502495	0.08452023806041477
4.653197028349019	2.0539276021502495	0.08476945772881396
4.673800145386036	2.0539276021502495	0.08487279010246679
4.697357378819734	2.0539276021502495	0.08445485220567697
4.7236553906962095	2.0539276021502495	0.08324125942196972
4.752456022147562	2.0539276021502495	0.08120576151598324
4.783498450195479	2.0539276021502495	0.07860748481942283
4.816501549804521	2.0539276021502495	0.07589722845279336
4.85116643979397	2.0539276021502495	0.07353913807770657
4.887179189552092	2.0539276021502495	0.07183672071432202
4.924213662040366	2.0539276021502495	0.07084755389164461
4.961934467341006	2.0539276021502495	0.0704222974737969
5.0	2.0539276021502495	0.07033755452132961
5.038065532658994	2.0539276021502495	0.07044447446863882
5.075786337959634	2.0539276021502495	0.0707508976983243
5.112820810447907	2.0539276021502495	0.07139537873428516
5.14883356020603	2.0539276021502495	0.0725333873999577
5.183498450195479	2.0539276021502495	0.0742049404856264
5.216501549804521	2.0539276021502495	0.07626222374818033
5.247543977852438	2.0539276021502495	0.07840106958633006
5.2763446093037905	2.0539276021502495	0.08028143316600608
5.302642621180266	2.0539276021502495	0.08167219242669754
5.326199854613964	2.0539276021502495	0.0825422087110482
5.346802971650981	2.0539276021502495	0.08304958473816364
5.364265387272958	2.0539276021502495	0.08343724585063186
5.3784289591399	2.0539276021502495	0.0838938242589484
5.389165419751698	2.0539276021502495	0.08445617740217475
5.396377538058468	2.0539276021502495	0.08500455402849004
5.4	2.0539276021502495	0.0853481904390939
4.6	2.0893365318176054	0.08511271604093525
4.603622461941532	2.0893365318176054	0.08489116674800311
4.610834580248302	2.0893365318176054	0.08460300643840324
4.6215710408601	2.0893365318176054	0.08445329883752122
4.635734612727042	2.0893365318176054	0.08454835003586618
4.653197028349019	2.0893365318176054	0.08479055113040555
4.673800145386036	2.0893365318176054	0.08488289173637699
4.697357378819734	2.0893365318176054	0.08444995679850702
4.7236553906962095	2.0893365318176054	0.08321794383429804
4.752456022147562	2.0893365318176054	0.0811619363492361
4.783498450195479	2.0893365318176054	0.07854327362866252
4.816501549804521	2.0893365318176054	0.0758157991282964
4.85116643979397	2.0893365318176054	0.07344712087672295
4.887179189552092	2.0893365318176054	0.07174378227039639
4.924213662040366	2.0893365318176054	0.07076487396416753
4.961934467341006	2.0893365318176054	0.07036011109982813
5.0	2.0893365318176054	0.07030241939038925
5.038065532658994	2.0893365318176054	0.07043724911802106
5.075786337959634	2.0893365318176054	0.07076634935234688
5.112820810447907	2.0893365318176054	0.07142382296860647
5.14883356020603	2.0893365318176054	0.07256396403848511
5.183498450195479	2.0893365318176054	0.07422939291570935
5.216501549804521	2.0893365318176054	0.07627773273743646
5.247543977852438	2.0893365318176054	0.07841099395752317
5.2763446093037905	2.0893365318176054	0.08029364292766306
5.302642621180266	2.0893365318176054	0.0816956948585371
5.326199854613964	2.0893365318176054	0.08258350268078389
5.346802971650981	2.0893365318176054	0.08311028072605955
5.364265387272958	2.0893365318176054	0.08351389480272783
5.3784289591399	2.0893365318176054	0.0839798757422867
5.389165419751698	2.0893365318176054	0.08454501686747481
5.396377538058468	2.0893365318176054	0.08509211263892047
5.4	2.0893365318176054	0.08543389599356067
4.6	2.1329925708725477	0.08515108286340954
4.603622461941532	2.1329925708725477	0.08492936850424916
4.610834580248302	2.1329925708725477	0.08464075395801951
4.6215710408601	2.1329925708725477	0.08448987393969717
4.635734612727042	2.1329925708725477	0.08458208671038152
4.653197028349019	2.1329925708725477	0.08481828787359705
4.673800145386036	2.1329925708725477	0.08489974793671876
4.697357378819734	2.1329925708725477	0.08444979353228943
4.7236553906962095	2.1329925708725477	0.08319467130270956
4.752456022147562	2.1329925708725477	0.08111147646349667
4.783498450195479	2.1329925708725477	0.07846561329518774
4.816501549804521	2.1329925708725477	0.07571635086208055
4.85116643979397	2.1329925708725477	0.07333667870880975
4.887179189552092	2.1329925708725477	0.07163675283113372
4.924213662040366	2.1329925708725477	0.0706760676606351
4.961934467341006	2.1329925708725477	0.07030097671185127
5.0	2.1329925708725477	0.07027794522536958
5.038065532658994	2.1329925708725477	0.07044465729522102
5.075786337959634	2.1329925708725477	0.07079616118293103
5.112820810447907	2.1329925708725477	0.07146304636755928
5.14883356020603	2.1329925708725477	0.0726003575811315
5.183498450195479	2.1329925708725477	0.07425532049425143
5.216501549804521	2.1329925708725477	0.0762922399157682
5.247543977852438	2.1329925708725477	0.07841939446023335
5.2763446093037905	2.1329925708725477	0.08030485607153291
5.302642621180266	2.1329925708725477	0.08171844133461874
5.326199854613964	2.1329925708725477	0.08262288786658444
5.346802971650981	2.1329925708725477	0.08316609061200667
5.364265387272958	2.1329925708725477	0.0835811814688667
5.3784289591399	2.1329925708725477	0.08405143362936608
5.389165419751698	2.1329925708725477	0.08461456592641851
5.396377538058468	2.1329925708725477	0.08515674762489454
5.4	2.1329925708725477	0.08549474021993524
4.6	2.18450036346509	0.08518647408514457
4.603622461941532	2.18450036346509	0.08496494066477567
4.610834580248302	2.18450036346509	0.08467666265168895
4.6215710408601	2.18450036346509	0.08452595984641617
4.635734612727042	2.18450036346509	0.08461724512728744
4.653197028349019	2.18450036346509	0.08484970332708787
4.673800145386036	2.18450036346509	0.08492243084081566
4.697357378819734	2.18450036346509	0.08445689707345423
4.7236553906962095	2.18450036346509	0.08317885328145938
4.752456022147562	2.18450036346509	0.08106715093652135
4.783498450195479	2.18450036346509	0.07839146709871697
4.816501549804521	2.18450036346509	0.07561719130353514
4.85116643979397	2.18450036346509	0.07322370864024251
4.887179189552092	2.18450036346509	0.07152579556432599
4.924213662040366	2.18450036346509	0.07058397712405613
4.961934467341006	2.18450036346509	0.0702412123099503
5.0	2.18450036346509	0.07025675564736548
5.038065532658994	2.18450036346509	0.07045926782967984
5.075786337959634	2.18450036346509	0.07083574963893191
5.112820810447907	2.18450036346509	0.07151231248921901
5.14883356020603	2.18450036346509	0.07264450751001603
5.183498450195479	2.18450036346509	0.07428470539866604
5.216501549804521	2.18450036346509	0.07630497350731841
5.247543977852438	2.18450036346509	0.07842102995824293
5.2763446093037905	2.18450036346509	0.0803053463136377
5.302642621180266	2.18450036346509	0.08172767383726845
5.326199854613964	2.18450036346509	0.08264663073268165
5.346802971650981	2.18450036346509	0.08320396718646585
5.364265387272958	2.18450036346509	0.08362739703509989
5.3784289591399	2.18450036346509	0.0840977874944415
5.389165419751698	2.18450036346509	0.08465431250525812
5.396377538058468	2.18450036346509	0.08518754389218645
5.4	2.18450036346509	0.08551937495909605
4.6	2.243393447049335	0.08521309331197957
4.603622461941532	2.243393447049335	0.08499298554872164
4.610834580248302	2.243393447049335	0.08470703705184295
4.6215710408601	2.243393447049335	0.0845586195482987
4.635734612727042	2.243393447049335	0.08465090481032028
4.653197028349019	2.243393447049335	0.08488166107298177
4.673800145386036	2.243393447049335	0.08494851511156536
4.697357378819734	2.243393447049335	0.08447164437229096
4.7236553906962095	2.243393447049335	0.0831761297722504
4.752456022147562	2.243393447049335	0.0810414092016052
4.783498450195479	2.243393447049335	0.0783395961265406
4.816501549804521	2.243393447049335	0.07554052113712566
4.85116643979397	2.243393447049335	0.07312936436886901
4.887179189552092	2.243393447049335	0.07142651422209345
4.924213662040366	2.243393447049335	0.07049587453283213
4.961934467341006	2.243393447049335	0.07017976501861947
5.0	2.243393447049335	0.0702321479600085
5.038065532658994	2.243393447049335	0.07047281167849852
5.075786337959634	2.243393447049335	0.0708789591136361
5.112820810447907	2.243393447049335	0.07156933442374068
5.14883356020603	2.243393447049335	0.07269727611851444
5.183498450195479	2.243393447049335	0.07431897535375605
5.216501549804521	2.243393447049335	0.07631487869724794
5.247543977852438	2.243393447049335	0.0784103200562519
5.2763446093037905	2.243393447049335	0.0802848140822483
5.302642621180266	2.243393447049335	0.08170992288600425
5.326199854613964	2.243393447049335	0.08264049769395566
5.346802971650981	2.243393447049335	0.08321104376062681
5.364265387272958	2.243393447049335	0.08364210788374965
5.3784289591399	2.243393447049335	0.08411081608528158
5.389165419751698	2.243393447049335	0.08465760997485942
5.396377538058468	2.243393447049335	0.08517844906257938
5.4	2.243393447049335	0.08550185794099555
4.6	2.3091384767405243	0.08523548840879283
4.603622461941532	2.3091384767405243	0.08501814356169661
4.610834580248302	2.3091384767405243	0.08473629175263832
4.6215710408601	2.3091384767405243	0.08459122440694014
4.635734612727042	2.3091384767405243	0.08468443876217402
4.653197028349019	2.3091384767405243	0.08491309832899152
4.673800145386036	2.3091384767405243	0.08497516721719982
4.697357378819734	2.3091384767405243	0.08449133481469732
4.7236553906962095	2.3091384767405243	0.08318658604602183
4.752456022147562	2.3091384767405243	0.08103955020319151
4.783498450195479	2.3091384767405243	0.07832166564022312
4.816501549804521	2.3091384767405243	0.07550361081244873
4.85116643979397	2.3091384767405243	0.07307394329856803
4.887179189552092	2.3091384767405243	0.07135866545548648
4.924213662040366	2.3091384767405243	0.07042763868234105
4.961934467341006	2.3091384767405243	0.07012662628619805
5.0	2.3091384767405243	0.07020806713606834
5.038065532658994	2.3091384767405243	0.07048464581143112
5.075786337959634	2.3091384767405243	0.07092280581584991
5.112820810447907	2.3091384767405243	0.07163080595032172
5.14883356020603	2.3091384767405243	0.07275606926149467
5.183498450195479	2.3091384767405243	0.07435609380246881
5.216501549804521	2.3091384767405243	0.07631948630372985
5.247543977852438	2.3091384767405243	0.07838320742058684
5.2763446093037905	2.3091384767405243	0.08023693224731689
5.302642621180266	2.3091384767405243	0.08165671208268462
5.326199854613964	2.3091384767405243	0.08259471086533711
5.346802971650981	2.3091384767405243	0.08317744360513514
5.364265387272958	2.3091384767405243	0.08361644268749667
5.3784289591399	2.3091384767405243	0.08408332719889558
5.389165419751698	2.3091384767405243	0.08461907250963688
5.396377538058468	2.3091384767405243	0.08512553667513943
5.4	2.3091384767405243	0.08543906415795166
4.6	2.3811400553689053	0.08527137774106046
4.603622461941532	2.3811400553689053	0.08505696204695244
4.610834580248302	2.3811400553689053	0.08477869917140815
4.6215710408601	2.3811400553689053	0.08463479722803434
4.635734612727042	2.3811400553689053	0.08472485121057247
4.653197028349019	2.3811400553689053	0.08494656813872375
4.673800145386036	2.3811400553689053	0.0850005994691624
4.697357378819734	2.3811400553689053	0.0845107329576259
4.7236553906962095	2.3811400553689053	0.08320336179103974
4.752456022147562	2.3811400553689053	0.08105573283665975
4.783498450195479	2.3811400553689053	0.07833584393345196
4.816501549804521	2.3811400553689053	0.07551117309292042
4.85116643979397	2.3811400553689053	0.07306988405415733
4.887179189552092	2.3811400553689053	0.07134160197992394
4.924213662040366	2.3811400553689053	0.07040268519227212
4.961934467341006	2.3811400553689053	0.07010506930830222
5.0	2.3811400553689053	0.07020333690678504
5.038065532658994	2.3811400553689053	0.07050611676886637
5.075786337959634	2.3811400553689053	0.0709703764800795
5.112820810447907	2.3811400553689053	0.07169315856653581
5.14883356020603	2.3811400553689053	0.07281389858665022
5.183498450195479	2.3811400553689053	0.07438917661075377
5.216501549804521	2.3811400553689053	0.0763144731864394
5.247543977852438	2.3811400553689053	0.07833852381427488
5.2763446093037905	2.3811400553689053	0.08016249475026523
5.302642621180266	2.3811400553689053	0.08156867140654069
5.326199854613964	2.3811400553689053	0.08250785728872768
5.346802971650981	2.3811400553689053	0.08309900571998878
5.364265387272958	2.3811400553689053	0.08354420630890196
5.3784289591399	2.3811400553689053	0.08400871876310795
5.389165419751698	2.3811400553689053	0.08453328629173754
5.396377538058468	2.3811400553689053	0.08502528086062625
5.4	2.3811400553689053	0.08532883563051914
4.6	2.458746125488698	0.08534735410076899
4.603622461941532	2.458746125488698	0.08513382383854866
4.610834580248302	2.458746125488698	0.08485482249659274
4.6215710408601	2.458746125488698	0.08470529338187793
4.635734612727042	2.458746125488698	0.08478325179128149
4.653197028349019	2.458746125488698	0.08498812667799492
4.673800145386036	2.458746125488698	0.08502532034233105
4.697357378819734	2.458746125488698	0.08452426163188964
4.7236553906962095	2.458746125488698	0.08321500311270306
4.752456022147562	2.458746125488698	0.08107448176427073
4.783498450195479	2.458746125488698	0.07836649294851693
4.816501549804521	2.458746125488698	0.07555260462645624
4.85116643979397	2.458746125488698	0.0731164976847714
4.887179189552092	2.458746125488698	0.07138708393084743
4.924213662040366	2.458746125488698	0.07044397346310279
4.961934467341006	2.458746125488698	0.07014418479762512
5.0	2.458746125488698	0.07024588577149411
5.038065532658994	2.458746125488698	0.07055713122879426
5.075786337959634	2.458746125488698	0.07102973219403737
5.112820810447907	2.458746125488698	0.07175319763720443
5.14883356020603	2.458746125488698	0.07286083624190286
5.183498450195479	2.458746125488698	0.07440790304067249
5.216501549804521	2.458746125488698	0.07629452371941495
5.247543977852438	2.458746125488698	0.07827828062549558
5.2763446093037905	2.458746125488698	0.08006951055313778
5.302642621180266	2.458746125488698	0.08145595540894177
5.326199854613964	2.458746125488698	0.08238801161439199
5.346802971650981	2.458746125488698	0.0829791604535666
5.364265387272958	2.458746125488698	0.08342421225495997
5.3784289591399	2.458746125488698	0.08388328810698238
5.389165419751698	2.458746125488698	0.08439667806236559
5.396377538058468	2.458746125488698	0.08487583527003627
5.4	2.458746125488698	0.08517085383642936
4.6	2.541253874511302	0.08548821668012874
4.603622461941532	2.541253874511302	0.08527119188741417
4.610834580248302	2.541253874511302	0.08498335178277167
4.6215710408601	2.541253874511302	0.08481738795913114
4.635734612727042	2.541253874511302	0.08487073848102622
4.653197028349019	2.541253874511302	0.08504543449273899
4.673800145386036	2.541253874511302	0.0850526541556899
4.697357378819734	2.541253874511302	0.08452908899666459
4.7236553906962095	2.541253874511302	0.08321087624538936
4.752456022147562	2.541253874511302	0.08107744202304118
4.783498450195479	2.541253874511302	0.07839043236203407
4.816501549804521	2.541253874511302	0.07560542488524853
4.85116643979397	2.541253874511302	0.07319849567793126
4.887179189552092	2.541253874511302	0.07149193862069307
4.924213662040366	2.541253874511302	0.07056156056906608
4.961934467341006	2.541253874511302	0.07026377148973945
5.0	2.541253874511302	0.07035834983684576
5.038065532658994	2.541253874511302	0.07065558720369129
5.075786337959634	2.541253874511302	0.07110888387707184
5.112820810447907	2.541253874511302	0.07180835606284201
5.14883356020603	2.541253874511302	0.07288754079426879
5.183498450195479	2.541253874511302	0.07440252225030593
5.216501549804521	2.541253874511302	0.07625546338917455
5.247543977852438	2.541253874511302	0.07820694877714052
5.2763446093037905	2.541253874511302	0.07997026253000554
5.302642621180266	2.541253874511302	0.08133481724088375
5.326199854613964	2.541253874511302	0.08225070969688289
5.346802971650981	2.541253874511302	0.08282943503307323
5.364265387272958	2.541253874511302	0.083263288468529
5.3784289591399	2.541253874511302	0.08371076871889052
5.389165419751698	2.541253874511302	0.08421234688054391
5.396377538058468	2.541253874511302	0.08468135853297395
5.4	2.541253874511302	0.08497042603541137
4.6	2.6279160994849255	0.08570437276876577
4.603622461941532	2.6279160994849255	0.08547823367540383
4.610834580248302	2.6279160994849255	0.08517175109012952
4.6215710408601	2.6279160994849255	0.08497737549149305
4.635734612727042	2.6279160994849255	0.08499342795884446
4.653197028349019	2.6279160994849255	0.08512486554878866
4.673800145386036	2.6279160994849255	0.08508825154305666
4.697357378819734	2.6279160994849255	0.08452765160662297
4.7236553906962095	2.6279160994849255	0.08318709039196237
4.752456022147562	2.6279160994849255	0.08105218710982587
4.783498450195479	2.6279160994849255	0.07838680715512046
4.816501549804521	2.6279160994849255	0.07564328491612397
4.85116643979397	2.6279160994849255	0.07328903078328781
4.887179189552092	2.6279160994849255	0.07163408822962622
4.924213662040366	2.6279160994849255	0.07074165970333472
4.961934467341006	2.6279160994849255	0.07045880728204292
5.0	2.6279160994849255	0.07054193405738622
5.038065532658994	2.6279160994849255	0.07080472216001127
5.075786337959634	2.6279160994849255	0.07120926728432826
5.112820810447907	2.6279160994849255	0.0718565141183755
5.14883356020603	2.6279160994849255	0.07288930198682232
5.183498450195479	2.6279160994849255	0.07436874442381301
5.216501549804521	2.6279160994849255	0.07619691094797085
5.247543977852438	2.6279160994849255	0.0781303740454055
5.2763446093037905	2.6279160994849255	0.07987703668871284
5.302642621180266	2.6279160994849255	0.08122223477320924
5.326199854613964	2.6279160994849255	0.08211493093070169
5.346802971650981	2.6279160994849255	0.08266845564011778
5.364265387272958	2.6279160994849255	0.0830785532609038
5.3784289591399	2.6279160994849255	0.08350690328497726
5.389165419751698	2.6279160994849255	0.0839954928153994
5.396377538058468	2.6279160994849255	0.08445724605539391
5.4	2.6279160994849255	0.0847432977886142
4.6	2.7179479738802312	0.08598344598697595
4.603622461941532	2.7179479738802312	0.08574336670057683
4.610834580248302	2.7179479738802312	0.08541027106782738
4.6215710408601	2.7179479738802312	0.08517863103692774
4.635734612727042	2.7179479738802312	0.08514902042730223
4.653197028349019	2.7179479738802312	0.08522895064022974
4.673800145386036	2.7179479738802312	0.08513867619848538
4.697357378819734	2.7179479738802312	0.08452815570099034
4.7236553906962095	2.7179479738802312	0.08314977500669818
4.752456022147562	2.7179479738802312	0.08099856490334012
4.783498450195479	2.7179479738802312	0.07834569655525908
4.816501549804521	2.7179479738802312	0.0756448886064062
4.85116643979397	2.7179479738802312	0.07335639652237173
4.887179189552092	2.7179479738802312	0.07177488332263046
4.924213662040366	2.7179479738802312	0.07094379552401857
4.961934467341006	2.7179479738802312	0.07069238657477855
5.0	2.7179479738802312	0.07076754889340618
5.038065532658994	2.7179479738802312	0.07098535970832394
5.075786337959634	2.7179479738802312	0.07132131940112595
5.112820810447907	2.7179479738802312	0.07189557180568461
5.14883356020603	2.7179479738802312	0.07286857100490199
5.183498450195479	2.7179479738802312	0.0743110918461063
5.216501549804521	2.7179479738802312	0.07612425934845986
5.247543977852438	2.7179479738802312	0.07805511753836857
5.2763446093037905	2.7179479738802312	0.07979893046095003
5.302642621180266	2.7179479738802312	0.08113145083243954
5.326199854613964	2.7179479738802312	0.08199906781753423
5.346802971650981	2.7179479738802312	0.08251966322781995
5.364265387272958	2.7179479738802312	0.08289731822519537
5.3784289591399	2.7179479738802312	0.0833011181989551
5.389165419751698	2.7179479738802312	0.08377602710274387
5.396377538058468	2.7179479738802312	0.0842329585529919
5.4	2.7179479738802312	0.08451841235498347
4.6	2.8105341551009144	0.08629083808008485
4.603622461941532	2.8105341551009144	0.08603495256056984
4.610834580248302	2.8105341551009144	0.0856727225548178
4.6215710408601	2.8105341551009144	0.08540216387026806
4.635734612727042	2.8105341551009144	0.08532670541472342
4.653197028349019	2.8105341551009144	0.08535533267350529
4.673800145386036	2.8105341551009144	0.08520949652626497
4.697357378819734	2.8105341551009144	0.0845424102177204
4.7236553906962095	2.8105341551009144	0.08311367815945851
4.752456022147562	2.8105341551009144	0.08092918898108663
4.783498450195479	2.8105341551009144	0.07827131395471641
4.816501549804521	2.8105341551009144	0.07560006036676745
4.85116643979397	2.8105341551009144	0.07337234168120466
4.887179189552092	2.8105341551009144	0.07186842099853198
4.924213662040366	2.8105341551009144	0.07110964385976642
4.961934467341006	2.8105341551009144	0.07090282060449551
5.0	2.8105341551009144	0.07098049233194066
5.038065532658994	2.8105341551009144	0.07115820836767334
5.075786337959634	2.8105341551009144	0.0714250143078602
5.112820810447907	2.8105341551009144	0.07192311048136157
5.14883356020603	2.8105341551009144	0.0728345387600251
5.183498450195479	2.8105341551009144	0.07424281578551989
5.216501549804521	2.8105341551009144	0.07604889854038512
5.247543977852438	2.8105341551009144	0.0779886040877002
5.2763446093037905	2.8105341551009144	0.07974142941971432
5.302642621180266	2.8105341551009144	0.08107061031466724
5.326199854613964	2.8105341551009144	0.08191854721853763
5.346802971650981	2.8105341551009144	0.08240815912647484
5.364265387272958	2.8105341551009144	0.0827536086430551
5.3784289591399	2.8105341551009144	0.08313319781555638
5.389165419751698	2.8105341551009144	0.08359572831877735
5.396377538058468	2.8105341551009144	0.08404972818743729
5.4	2.8105341551009144	0.08433597272465876
4.6	2.9048361683525155	0.08658002760605887
4.603622461941532	2.9048361683525155	0.08631075153342979
4.610834580248302	2.9048361683525155	0.08592438575987746
4.6215710408601	2.9048361683525155	0.08562248256466193
4.635734612727042	2.9048361683525155	0.08551065072280713
4.653197028349019	2.9048361683525155	0.08549765796944359
4.673800145386036	2.9048361683525155	0.0853035036924526
4.697357378819734	2.9048361683525155	0.08458162581220567
4.7236553906962095	2.9048361683525155	0.0830963969197624
4.752456022147562	2.9048361683525155	0.080863714370418
4.783498450195479	2.9048361683525155	0.07817857102816837
4.816501549804521	2.9048361683525155	0.07551094172384705
4.85116643979397	2.9048361683525155	0.07331953883703034
4.887179189552092	2.9048361683525155	0.0718754480031262
4.924213662040366	2.9048361683525155	0.07118169552056033
4.961934467341006	2.9048361683525155	0.07102385900118037
5.0	2.9048361683525155	0.07111844736983645
5.038065532658994	2.9048361683525155	0.07127653456487572
5.075786337959634	2.9048361683525155	0.07149585002940888
5.112820810447907	2.9048361683525155	0.07193646396522305
5.14883356020603	2.9048361683525155	0.07279973892119172
5.183498450195479	2.9048361683525155	0.07418204758046291
5.216501549804521	2.9048361683525155	0.07598622863879254
5.247543977852438	2.9048361683525155	0.07793973828502039
5.2763446093037905	2.9048361683525155	0.07970868582600196
5.302642621180266	2.9048361683525155	0.08104473068602801
5.326199854613964	2.9048361683525155	0.08188554105491541
5.346802971650981	2.9048361683525155	0.0823571410628515
5.364265387272958	2.9048361683525155	0.08268160472651494
5.3784289591399	2.9048361683525155	0.08304498385003169
5.389165419751698	2.9048361683525155	0.0834996596945069
5.396377538058468	2.9048361683525155	0.08395259959254588
5.4	2.9048361683525155	0.08424011932279586
4.6	3.0	0.0868087523736327
4.603622461941532	3.0	0.08653257007399083
4.610834580248302	3.0	0.08613400807586781
4.6215710408601	3.0	0.08581641822533873
4.635734612727042	3.0	0.08568555786753794
4.653197028349019	3.0	0.085647872261108
4.673800145386036	3.0	0.08541964784462015
4.697357378819734	3.0	0.08465192150433419
4.7236553906962095	3.0	0.08311089494003786
4.752456022147562	3.0	0.08081985292130146
4.783498450195479	3.0	0.07808529839111866
4.816501549804521	3.0	0.07538885730130214
4.85116643979397	3.0	0.0731961525403208
4.887179189552092	3.0	0.07177698025897332
4.924213662040366	3.0	0.07112466717252283
4.961934467341006	3.0	0.071010073537686
5.0	3.0	0.07113559138679196
5.038065532658994	3.0	0.07130414069511236
5.075786337959634	3.0	0.07151397891224673
5.112820810447907	3.0	0.07193333026396742
5.14883356020603	3.0	0.07277516065527286
5.183498450195479	3.0	0.07414567099632742
5.216501549804521	3.0	0.07595191185258068
5.247543977852438	3.0	0.07791907027860756
5.2763446093037905	3.0	0.07970665594423886
5.302642621180266	3.0	0.08105915386471561
5.326199854613964	3.0	0.0819098174053362
5.346802971650981	3.0	0.08238436857941733
5.364265387272958	3.0	0.08270772232423539
5.3784289591399	3.0	0.08306954231218708
5.389165419751698	3.0	0.08352436192485369
5.396377538058468	3.0	0.08397899459998412
5.4	3.0	0.08426809987912151
4.6	3.0951638316474845	0.08695424153800556
4.603622461941532	3.0951638316474845	0.0866798952961107
4.610834580248302	3.0951638316474845	0.08628475706782623
4.6215710408601	3.0951638316474845	0.08597104234479962
4.635734612727042	3.0951638316474845	0.08584173355436124
4.653197028349019	3.0951638316474845	0.08579874002601495
4.673800145386036	3.0951638316474845	0.08555304395494438
4.697357378819734	3.0951638316474845	0.08475160355786492
4.7236553906962095	3.0951638316474845	0.08316001336366594
4.752456022147562	3.0951638316474845	0.08080585441514422
4.783498450195479	3.0951638316474845	0.07800458584715099
4.816501549804521	3.0951638316474845	0.07524933623282644
4.85116643979397	3.0951638316474845	0.07301642972159508
4.887179189552092	3.0951638316474845	0.07158221486369969
4.924213662040366	3.0951638316474845	0.07094038266080355
4.961934467341006	3.0951638316474845	0.07085604594999044
5.0	3.0951638316474845	0.07102188397753877
5.038065532658994	3.0951638316474845	0.0712304860252345
5.075786337959634	3.0951638316474845	0.07147240752970258
5.112820810447907	3.0951638316474845	0.07191276983875353
5.14883356020603	3.0951638316474845	0.07276615151823376
5.183498450195479	3.0951638316474845	0.07414354253612854
5.216501549804521	3.0951638316474845	0.07595757279239795
5.247543977852438	3.0951638316474845	0.07793758060569111
5.2763446093037905	3.0951638316474845	0.07974453211398218
5.302642621180266	3.0951638316474845	0.08112163652976782
5.326199854613964	3.0951638316474845	0.08199908424821012
5.346802971650981	3.0951638316474845	0.08249910739107331
5.364265387272958	3.0951638316474845	0.08284388600844218
5.3784289591399	3.0951638316474845	0.08322172636481649
5.389165419751698	3.0951638316474845	0.0836871674463747
5.396377538058468	3.0951638316474845	0.08414790929310022
5.4	3.0951638316474845	0.08443971006331223
4.6	3.1894658448990856	0.08702088242904575
4.603622461941532	3.1894658448990856	0.08675658746712836
4.610834580248302	3.1894658448990856	0.08637934203178675
4.6215710408601	3.1894658448990856	0.08608717335777677
4.635734612727042	3.1894658448990856	0.08597737263032215
4.653197028349019	3.1894658448990856	0.08594539726897868
4.673800145386036	3.1894658448990856	0.08569603842315023
4.697357378819734	3.1894658448990856	0.08487158093234287
4.7236553906962095	3.1894658448990856	0.0832357957757441
4.752456022147562	3.1894658448990856	0.08081838883445124
4.783498450195479	3.1894658448990856	0.07794134098456779
4.816501549804521	3.1894658448990856	0.07510811137692248
4.85116643979397	3.1894658448990856	0.07280738152776137
4.887179189552092	3.1894658448990856	0.07132715175273964
4.924213662040366	3.1894658448990856	0.07066905848480873
4.961934467341006	3.1894658448990856	0.07060014169267917
5.0	3.1894658448990856	0.07080825986882536
5.038065532658994	3.1894658448990856	0.07107572759245899
5.075786337959634	3.1894658448990856	0.07138041700164731
5.112820810447907	3.1894658448990856	0.07187618412521991
5.14883356020603	3.1894658448990856	0.07277102584465225
5.183498450195479	3.1894658448990856	0.07417554975130929
5.216501549804521	3.1894658448990856	0.07600743482170014
5.247543977852438	3.1894658448990856	0.07800381765020183
5.2763446093037905	3.1894658448990856	0.07983274870286378
5.302642621180266	3.1894658448990856	0.08124098176169076
5.326199854613964	3.1894658448990856	0.08215761364562307
5.346802971650981	3.1894658448990856	0.08270006928308445
5.364265387272958	3.1894658448990856	0.08308435439178265
5.3784289591399	3.1894658448990856	0.08349381612415263
5.389165419751698	3.1894658448990856	0.08398087239595725
5.396377538058468	3.1894658448990856	0.0844539617568208
5.4	3.1894658448990856	0.08475105179122448
4.6	3.2820520261197688	0.08703707256600063
4.603622461941532	3.2820520261197688	0.08678780842976866
4.610834580248302	3.2820520261197688	0.08643717009009277
4.6215710408601	3.2820520261197688	0.0861770435587606
4.635734612727042	3.2820520261197688	0.08609715817476594
4.653197028349019	3.2820520261197688	0.08608536408544162
4.673800145386036	3.2820520261197688	0.08583998023748671
4.697357378819734	3.2820520261197688	0.08499884820318224
4.7236553906962095	3.2820520261197688	0.08332401935783758
4.752456022147562	3.2820520261197688	0.08084679820457565
4.783498450195479	3.2820520261197688	0.07789450324488661
4.816501549804521	3.2820520261197688	0.07497961301219386
4.85116643979397	3.2820520261197688	0.07260258011860837
4.887179189552092	3.2820520261197688	0.07106392317948985
4.924213662040366	3.2820520261197688	0.07037572088495585
4.961934467341006	3.2820520261197688	0.07031051259257137
5.0	3.2820520261197688	0.07055486556583755
5.038065532658994	3.2820520261197688	0.07088307698891742
5.075786337959634	3.2820520261197688	0.07126050543223302
5.112820810447907	3.2820520261197688	0.07182777514605743
5.14883356020603	3.2820520261197688	0.07278293484929238
5.183498450195479	3.2820520261197688	0.07423264679587664
5.216501549804521	3.2820520261197688	0.07609705206996853
5.247543977852438	3.2820520261197688	0.07812016520172298
5.2763446093037905	3.2820520261197688	0.07997786338238659
5.302642621180266	3.2820520261197688	0.08142224337511393
5.326199854613964	3.2820520261197688	0.08238327283266418
5.346802971650981	3.2820520261197688	0.08297490661292276
5.364265387272958	3.2820520261197688	0.0834072617499107
5.3784289591399	3.2820520261197688	0.08385797974223565
5.389165419751698	3.2820520261197688	0.08437593391425383
5.396377538058468	3.2820520261197688	0.08486869554249922
5.4	3.2820520261197688	0.0851751089019309
4.6	3.3720839005150745	0.08704288324589055
4.603622461941532	3.3720839005150745	0.08680878737418049
4.610834580248302	3.3720839005150745	0.08648505968074523
4.6215710408601	3.3720839005150745	0.08625745797196514
4.635734612727042	3.3720839005150745	0.08620812718350424
4.653197028349019	3.3720839005150745	0.0862173279880265
4.673800145386036	3.3720839005150745	0.08597712980319072
4.697357378819734	3.3720839005150745	0.08512149566009933
4.7236553906962095	3.3720839005150745	0.08341160652924902
4.752456022147562	3.3720839005150745	0.08088114811016414
4.783498450195479	3.3720839005150745	0.07786292570851909
4.816501549804521	3.3720839005150745	0.07487743943391369
4.85116643979397	3.3720839005150745	0.0724346547721133
4.887179189552092	3.3720839005150745	0.07084460548942181
4.924213662040366	3.3720839005150745	0.07012714541857756
4.961934467341006	3.3720839005150745	0.07005923282773421
5.0	3.3720839005150745	0.07032748567443012
5.038065532658994	3.3720839005150745	0.07070187355966238
5.075786337959634	3.3720839005150745	0.07114016522052612
5.112820810447907	3.3720839005150745	0.07177411857176459
5.14883356020603	3.3720839005150745	0.07279390628212253
5.183498450195479	3.3720839005150745	0.07430113293458296
5.216501549804521	3.3720839005150745	0.07621451401423923
5.247543977852438	3.3720839005150745	0.07827986557765056
5.2763446093037905	3.3720839005150745	0.08017671209269499
5.302642621180266	3.3720839005150745	0.08166086128274919
5.326199854613964	3.3720839005150745	0.08266453397764761
5.346802971650981	3.3720839005150745	0.0833016989595116
5.364265387272958	3.3720839005150745	0.08378033805404347
5.3784289591399	3.3720839005150745	0.08427455647867255
5.389165419751698	3.3720839005150745	0.08482929023644045
5.396377538058468	3.3720839005150745	0.08534863939583025
5.4	3.3720839005150745	0.08566897571648184
4.6	3.458746125488698	0.0870741704015239
4.603622461941532	3.458746125488698	0.08685060160163122
4.610834580248302	3.458746125488698	0.08654589017416366
4.6215710408601	3.458746125488698	0.08634182996295521
4.635734612727042	3.458746125488698	0.08631506499075228
4.653197028349019	3.458746125488698	0.08633966635207523
4.673800145386036	3.458746125488698	0.08610213232894835
4.697357378819734	3.458746125488698	0.08523294792925586
4.7236553906962095	3.458746125488698	0.0834930405215968
4.752456022147562	3.458746125488698	0.08091935750373261
4.783498450195479	3.458746125488698	0.07785072171886302
4.816501549804521	3.458746125488698	0.07481482750142683
4.85116643979397	3.458746125488698	0.07232821373478268
4.887179189552092	3.458746125488698	0.0707055481337028
4.924213662040366	3.458746125488698	0.06996899056442019
4.961934467341006	3.458746125488698	0.06989600018685214
5.0	3.458746125488698	0.07017285802291359
5.038065532658994	3.458746125488698	0.07056912180695307
5.075786337959634	3.458746125488698	0.07104216915074474
5.112820810447907	3.458746125488698	0.0717228067870168
5.14883356020603	3.458746125488698	0.07279889442596259
5.183498450195479	3.458746125488698	0.07436799804299746
5.216501549804521	3.458746125488698	0.07634360793068308
5.247543977852438	3.458746125488698	0.07846653075617332
5.2763446093037905	3.458746125488698	0.0804131781342604
5.302642621180266	3.458746125488698	0.08193924237105563
5.326199854613964	3.458746125488698	0.08297967053273156
5.346802971650981	3.458746125488698	0.08365248828299629
5.364265387272958	3.458746125488698	0.0841687951272459
5.3784289591399	3.458746125488698	0.08470289066199947
5.389165419751698	3.458746125488698	0.0852962746951087
5.396377538058468	3.458746125488698	0.08584698091087659
5.4	3.458746125488698	0.08618501532558837
4.6	3.541253874511302	0.08715000983123068
4.603622461941532	3.541253874511302	0.0869291750141759
4.610834580248302	3.541253874511302	0.08663024408356276
4.6215710408601	3.541253874511302	0.08643481044360161
4.635734612727042	3.541253874511302	0.0864178015931417
4.653197028349019	3.541253874511302	0.08644974691479863
4.673800145386036	3.541253874511302	0.08621266981479594
4.697357378819734	3.541253874511302	0.0853334966354827
4.7236553906962095	3.541253874511302	0.08357239267682624
4.752456022147562	3.541253874511302	0.08096914973464046
4.783498450195479	3.541253874511302	0.077868166536838
4.816501549804521	3.541253874511302	0.07480318226026667
4.85116643979397	3.541253874511302	0.07229472221245888
4.887179189552092	3.541253874511302	0.0706579558030204
4.924213662040366	3.541253874511302	0.06991257346092905
4.961934467341006	3.541253874511302	0.06983283698881729
5.0	3.541253874511302	0.07010386003554116
5.038065532658994	3.541253874511302	0.0704977380647535
5.075786337959634	3.541253874511302	0.07097758511364495
5.112820810447907	3.541253874511302	0.07168051250771662
5.14883356020603	3.541253874511302	0.07279776225220272
5.183498450195479	3.541253874511302	0.0744248620553705
5.216501549804521	3.541253874511302	0.07646779614360458
5.247543977852438	3.541253874511302	0.07865704526393703
5.2763446093037905	3.541253874511302	0.08066004420188647
5.302642621180266	3.541253874511302	0.08222850795190843
5.326199854613964	3.541253874511302	0.08329967488586669
5.346802971650981	3.541253874511302	0.08399832110518254
5.364265387272958	3.541253874511302	0.08454274023333111
5.3784289591399	3.541253874511302	0.08511067752502013
5.389165419751698	3.541253874511302	0.08574111461200278
5.396377538058468	3.541253874511302	0.08632452336003518
5.4	3.541253874511302	0.08668190812779575
4.6	3.6188599446310947	0.0872683338177742
4.603622461941532	3.6188599446310947	0.08704178396617665
4.610834580248302	3.6188599446310947	0.08673434882799065
4.6215710408601	3.6188599446310947	0.08653172433494755
4.635734612727042	3.6188599446310947	0.08651165670813024
4.653197028349019	3.6188599446310947	0.08654450412337353
4.673800145386036	3.6188599446310947	0.08630920490188583
4.697357378819734	3.6188599446310947	0.0854285194931003
4.7236553906962095	3.6188599446310947	0.08365987780138096
4.752456022147562	3.6188599446310947	0.08104344779881424
4.783498450195479	3.6188599446310947	0.07792692236243033
4.816501549804521	3.6188599446310947	0.07484824753863593
4.85116643979397	3.6188599446310947	0.07233042822874595
4.887179189552092	3.6188599446310947	0.0706877456927229
4.924213662040366	3.6188599446310947	0.0699361254592503
4.961934467341006	3.6188599446310947	0.0698457260892995
5.0	3.6188599446310947	0.07010046626602287
5.038065532658994	3.6188599446310947	0.07047620767150066
5.075786337959634	3.6188599446310947	0.07094425005140091
5.112820810447907	3.6188599446310947	0.07165112022508002
5.14883356020603	3.6188599446310947	0.07279429900440725
5.183498450195479	3.6188599446310947	0.07446898224098641
5.216501549804521	3.6188599446310947	0.07657372842431187
5.247543977852438	3.6188599446310947	0.07882730567116362
5.2763446093037905	3.6188599446310947	0.08088603033785795
5.302642621180266	3.6188599446310947	0.08249567126235721
5.326199854613964	3.6188599446310947	0.08359468496660423
5.346802971650981	3.6188599446310947	0.08431464688089915
5.364265387272958	3.6188599446310947	0.08488191818600728
5.3784289591399	3.6188599446310947	0.08547879568779088
5.389165419751698	3.6188599446310947	0.08614253840329748
5.396377538058468	3.6188599446310947	0.08675631384708736
5.4	3.6188599446310947	0.08713198302884681
4.6	3.6908615232594753	0.08741055127365953
4.603622461941532	3.6908615232594753	0.08717159535223398
4.610834580248302	3.6908615232594753	0.08684442725083864
4.6215710408601	3.6908615232594753	0.0866225208171001
4.635734612727042	3.6908615232594753	0.08659054342831819
4.653197028349019	3.6908615232594753	0.08662195728631716
4.673800145386036	3.6908615232594753	0.08639402525311582
4.697357378819734	3.6908615232594753	0.0855244060872694
4.7236553906962095	3.6908615232594753	0.08376478329002836
4.752456022147562	3.6908615232594753	0.08115158256063254
4.783498450195479	3.6908615232594753	0.07803191752362561
4.816501549804521	3.6908615232594753	0.07494556562831244
4.85116643979397	3.6908615232594753	0.07241780926902452
4.887179189552092	3.6908615232594753	0.07076384077007805
4.924213662040366	3.6908615232594753	0.06999867308639489
4.961934467341006	3.6908615232594753	0.06989094784745392
5.0	3.6908615232594753	0.07012459621027557
5.038065532658994	3.6908615232594753	0.07047866283071881
5.075786337959634	3.6908615232594753	0.07093072870794535
5.112820810447907	3.6908615232594753	0.07163463164473383
5.14883356020603	3.6908615232594753	0.07279301690040363
5.183498450195479	3.6908615232594753	0.07450144015929797
5.216501549804521	3.6908615232594753	0.07665336045408774
5.247543977852438	3.6908615232594753	0.0789588401035742
5.2763446093037905	3.6908615232594753	0.08106543744639808
5.302642621180266	3.6908615232594753	0.08271363028301118
5.326199854613964	3.6908615232594753	0.08384177159892096
5.346802971650981	3.6908615232594753	0.08458559230825963
5.364265387272958	3.6908615232594753	0.08517682089267192
5.3784289591399	3.6908615232594753	0.08580080905750878
5.389165419751698	3.6908615232594753	0.08649344045664359
5.396377538058468	3.6908615232594753	0.08713248466691281
5.4	3.6908615232594753	0.08752307149388769
4.6	3.756606552950665	0.08755186176277129
4.603622461941532	3.756606552950665	0.08729709513356484
4.610834580248302	3.756606552950665	0.08694458416550768
4.6215710408601	3.756606552950665	0.08669775393912259
4.635734612727042	3.756606552950665	0.08665083352510503
4.653197028349019	3.756606552950665	0.0866826991991505
4.673800145386036	3.756606552950665	0.08646998522805421
4.697357378819734	3.756606552950665	0.08562431220326316
4.7236553906962095	3.756606552950665	0.0838886027458403
4.752456022147562	3.756606552950665	0.08129122328569939
4.783498450195479	3.756606552950665	0.07817460143402123
4.816501549804521	3.756606552950665	0.07507814997412923
4.85116643979397	3.756606552950665	0.07253026222213566
4.887179189552092	3.756606552950665	0.0708508178978486
4.924213662040366	3.756606552950665	0.07005922012660086
4.961934467341006	3.756606552950665	0.06992719189028311
5.0	3.756606552950665	0.07014050084781688
5.038065532658994	3.756606552950665	0.0704795079812721
5.075786337959634	3.756606552950665	0.07092326649658778
5.112820810447907	3.756606552950665	0.0716273225567461
5.14883356020603	3.756606552950665	0.07279567917083807
5.183498450195479	3.756606552950665	0.07452405452495466
5.216501549804521	3.756606552950665	0.0767043764604112
5.247543977852438	3.756606552950665	0.07904373746060335
5.2763446093037905	3.756606552950665	0.0811862450939994
5.302642621180266	3.756606552950665	0.08286961768360133
5.326199854613964	3.756606552950665	0.0840308872702613
5.346802971650981	3.756606552950665	0.08480581301649782
5.364265387272958	3.756606552950665	0.08542663969445784
5.3784289591399	3.756606552950665	0.08607860291963458
5.389165419751698	3.756606552950665	0.08679612826117816
5.396377538058468	3.756606552950665	0.08745432916268008
5.4	3.756606552950665	0.08785543646391047
4.6	3.81549963653491	0.0876718888805067
4.603622461941532	3.81549963653491	0.08740147397609922
4.610834580248302	3.81549963653491	0.08702405393569086
4.6215710408601	3.81549963653491	0.0867533416524197
4.635734612727042	3.81549963653491	0.08669375636280757
4.653197028349019	3.81549963653491	0.08673031709670309
4.673800145386036	3.81549963653491	0.08653936986473917
4.697357378819734	3.81549963653491	0.08572587821118043
4.7236553906962095	3.81549963653491	0.08402215967950098
4.752456022147562	3.81549963653491	0.08144581872623546
4.783498450195479	3.81549963653491	0.078332057845056
4.816501549804521	3.81549963653491	0.07521884362465484
4.85116643979397	3.81549963653491	0.07263897012839547
4.887179189552092	3.81549963653491	0.0709206077472322
4.924213662040366	3.81549963653491	0.07009225880585875
4.961934467341006	3.81549963653491	0.06993259242611401
5.0	3.81549963653491	0.0701304024796178
5.038065532658994	3.81549963653491	0.07046508609700043
5.075786337959634	3.81549963653491	0.0709121576819055
5.112820810447907	3.81549963653491	0.0716231822866919
5.14883356020603	3.81549963653491	0.0727996312316402
5.183498450195479	3.81549963653491	0.0745370486621111
5.216501549804521	3.81549963653491	0.07672922207128571
5.247543977852438	3.81549963653491	0.07908587418509314
5.2763446093037905	3.81549963653491	0.08125296566221288
5.302642621180266	3.81549963653491	0.08296816228400553
5.326199854613964	3.81549963653491	0.08416628027157798
5.346802971650981	3.81549963653491	0.0849793459144513
5.364265387272958	3.81549963653491	0.08563554571530962
5.3784289591399	3.81549963653491	0.08631691094890705
5.389165419751698	3.81549963653491	0.08705618848552137
5.396377538058468	3.81549963653491	0.0877282836763538
5.4	3.81549963653491	0.08813604135003937
4.6	3.8670074291274523	0.08776097725887033
4.603622461941532	3.8670074291274523	0.08747782294230479
4.610834580248302	3.8670074291274523	0.08708052571601148
4.6215710408601	3.8670074291274523	0.0867918163129061
4.635734612727042	3.8670074291274523	0.08672499804375317
4.653197028349019	3.8670074291274523	0.08677026483371687
4.673800145386036	3.8670074291274523	0.08660318812024191
4.697357378819734	3.8670074291274523	0.08582197407638201
4.7236553906962095	3.8670074291274523	0.08414842222933473
4.752456022147562	3.8670074291274523	0.08158953164345813
4.783498450195479	3.8670074291274523	0.07847357364549587
4.816501549804521	3.8670074291274523	0.075337701239592
4.85116643979397	3.8670074291274523	0.07272022868544374
4.887179189552092	3.8670074291274523	0.07095911461242399
4.924213662040366	3.8670074291274523	0.07009339414419334
4.961934467341006	3.8670074291274523	0.06990941053907773
5.0	3.8670074291274523	0.07009847103932008
5.038065532658994	3.8670074291274523	0.07043715330031197
5.075786337959634	3.8670074291274523	0.07089472574174586
5.112820810447907	3.8670074291274523	0.07161617152169565
5.14883356020603	3.8670074291274523	0.07279897328750164
5.183498450195479	3.8670074291274523	0.07453882793622324
5.216501549804521	3.8670074291274523	0.07673340620770878
5.247543977852438	3.8670074291274523	0.07909796549128428
5.2763446093037905	3.8670074291274523	0.08128290843201826
5.302642621180266	3.8670074291274523	0.08302708850638862
5.326199854613964	3.8670074291274523	0.08426260377998518
5.346802971650981	3.8670074291274523	0.08511591894049542
5.364265387272958	3.8670074291274523	0.08580901026684508
5.3784289591399	3.8670074291274523	0.08651931218344161
5.389165419751698	3.8670074291274523	0.08727788548900459
5.396377538058468	3.8670074291274523	0.08796067991335361
5.4	3.8670074291274523	0.0883728862464846
4.6	3.9106634681823946	0.0878203475942122
4.603622461941532	3.9106634681823946	0.08752868930081653
4.610834580248302	3.9106634681823946	0.08711869448996905
4.6215710408601	3.9106634681823946	0.08681986062657214
4.635734612727042	3.9106634681823946	0.08675176937425644
4.653197028349019	3.9106634681823946	0.08680758342790505
4.673800145386036	3.9106634681823946	0.08666100461512055
4.697357378819734	3.9106634681823946	0.08590394111626701
4.7236553906962095	3.9106634681823946	0.0842496760682466
4.752456022147562	3.9106634681823946	0.08169761788273382
4.783498450195479	3.9106634681823946	0.07857221189362754
4.816501549804521	3.9106634681823946	0.07541197306998662
4.85116643979397	3.9106634681823946	0.07276123690927368
4.887179189552092	3.9106634681823946	0.07096640635533552
4.924213662040366	3.9106634681823946	0.07007435273181598
4.961934467341006	3.9106634681823946	0.06987602039859274
5.0	3.9106634681823946	0.0700628564568042
5.038065532658994	3.9106634681823946	0.07040769128685703
5.075786337959634	3.9106634681823946	0.07087419521775912
5.112820810447907	3.9106634681823946	0.07160249108101857
5.14883356020603	3.9106634681823946	0.07278799268956546
5.183498450195479	3.9106634681823946	0.07452782789376589
5.216501549804521	3.9106634681823946	0.07672374900995858
5.247543977852438	3.9106634681823946	0.07909578547175056
5.2763446093037905	3.9106634681823946	0.08129761775471583
5.302642621180266	3.9106634681823946	0.0830684052996274
5.326199854613964	3.9106634681823946	0.08433738919950651
5.346802971650981	3.9106634681823946	0.08522610807101151
5.364265387272958	3.9106634681823946	0.08595137028582649
5.3784289591399	3.9106634681823946	0.08668692905920171
5.389165419751698	3.9106634681823946	0.08746254854794903
5.396377538058468	3.9106634681823946	0.08815502278119328
5.4	3.9106634681823946	0.08857137290295182
4.6	3.9460723978497505	0.0878575857478281
4.603622461941532	3.9460723978497505	0.0875615575500862
4.610834580248302	3.9460723978497505	0.08714574703556692
4.6215710408601	3.9460723978497505	0.08684393845531048
4.635734612727042	3.9460723978497505	0.08677902555567439
4.653197028349019	3.9460723978497505	0.08684457345288432
4.673800145386036	3.9460723978497505	0.08671122822131182
4.697357378819734	3.9460723978497505	0.08596552434868746
4.7236553906962095	3.9460723978497505	0.084315357481182
4.752456022147562	3.9460723978497505	0.0817571150623622
4.783498450195479	3.9460723978497505	0.07861592992086905
4.816501549804521	3.9460723978497505	0.07543441262779964
4.85116643979397	3.9460723978497505	0.07276264120260054
4.887179189552092	3.9460723978497505	0.07095203887782721
4.924213662040366	3.9460723978497505	0.07005189009868457
4.961934467341006	3.9460723978497505	0.06985235028790157
5.0	3.9460723978497505	0.07004173078912758
5.038065532658994	3.9460723978497505	0.07038917026080026
5.075786337959634	3.9460723978497505	0.07085592234203869
5.112820810447907	3.9460723978497505	0.07158201322048996
5.14883356020603	3.9460723978497505	0.07276495888250997
5.183498450195479	3.9460723978497505	0.07450509361421269
5.216501549804521	3.9460723978497505	0.07670701988601578
5.247543977852438	3.9460723978497505	0.07909211967365681
5.2763446093037905	3.9460723978497505	0.08131354030926022
5.302642621180266	3.9460723978497505	0.08310840958700004
5.326199854613964	3.9460723978497505	0.08440327439471133
5.346802971650981	3.9460723978497505	0.0853171488735192
5.364265387272958	3.9460723978497505	0.08606498001206343
5.3784289591399	3.9460723978497505	0.08681939354902164
5.389165419751698	3.9460723978497505	0.08760955106715584
5.396377538058468	3.9460723978497505	0.08831190870651691
5.4	3.9460723978497505	0.08873326426839694
4.6	3.972913549379244	0.08788090695628568
4.603622461941532	3.972913549379244	0.08758354674018876
4.610834580248302	3.972913549379244	0.08716681389802343
4.6215710408601	3.972913549379244	0.08686669411718786
4.635734612727042	3.972913549379244	0.0868069703758448
4.653197028349019	3.972913549379244	0.08687964786741441
4.673800145386036	3.972913549379244	0.08675166008960088
4.697357378819734	3.972913549379244	0.08600539234692642
4.7236553906962095	3.972913549379244	0.08434643132505863
4.752456022147562	3.972913549379244	0.08177227950516583
4.783498450195479	3.972913549379244	0.07861254153168892
4.816501549804521	3.972913549379244	0.07541582825312437
4.85116643979397	3.972913549379244	0.07273699741735655
4.887179189552092	3.972913549379244	0.07092873797372604
4.924213662040366	3.972913549379244	0.07003744283330308
4.961934467341006	3.972913549379244	0.06984760144515946
5.0	3.972913549379244	0.07004183740874462
5.038065532658994	3.972913549379244	0.07038634326929322
5.075786337959634	3.972913549379244	0.07084357921626487
5.112820810447907	3.972913549379244	0.0715583209229623
5.14883356020603	3.972913549379244	0.07273410274227765
5.183498450195479	3.972913549379244	0.07447578176514798
5.216501549804521	3.972913549379244	0.07668909856935639
5.247543977852438	3.972913549379244	0.07909302714925778
5.2763446093037905	3.972913549379244	0.08133625570682944
5.302642621180266	3.972913549379244	0.08315164848281983
5.326199854613964	3.972913549379244	0.08446346985135438
5.346802971650981	3.972913549379244	0.08539089533309736
5.364265387272958	3.972913549379244	0.0861505422799165
5.3784289591399	3.972913549379244	0.08691657726667469
5.389165419751698	3.972913549379244	0.08771825595547271
5.396377538058468	3.972913549379244	0.0884304425154002
5.4	3.972913549379244	0.08885756633179885
4.6	3.990943845146169	0.08789542957779414
4.603622461941532	3.990943845146169	0.08759829664636512
4.610834580248302	3.990943845146169	0.08718291245581757
4.6215710408601	3.990943845146169	0.0868861044464862
4.635734612727042	3.990943845146169	0.08683122951159325
4.653197028349019	3.990943845146169	0.0869080428207617
4.673800145386036	3.990943845146169	0.0867800877705992
4.697357378819734	3.990943845146169	0.0860269640045063
4.7236553906962095	3.990943845146169	0.08435397654925446
4.752456022147562	3.990943845146169	0.08176175502783654
4.783498450195479	3.990943845146169	0.07858562570210383
4.816501549804521	3.990943845146169	0.0753801579575747
4.85116643979397	3.990943845146169	0.07270357243799788
4.887179189552092	3.990943845146169	0.07090746234280404
4.924213662040366	3.990943845146169	0.07003283083186464
4.961934467341006	3.990943845146169	0.0698567491882241
5.0	3.990943845146169	0.0700557524524174
5.038065532658994	3.990943845146169	0.07039411221300716
5.075786337959634	3.990943845146169	0.07083745187083747
5.112820810447907	3.990943845146169	0.07153732499033207
5.14883356020603	3.990943845146169	0.07270452432647355
5.183498450195479	3.990943845146169	0.0744483893644165
5.216501549804521	3.990943845146169	0.07667456095350096
5.247543977852438	3.990943845146169	0.07909777872872267
5.2763446093037905	3.990943845146169	0.08136070779379251
5.302642621180266	3.990943845146169	0.08319135289824707
5.326199854613964	3.990943845146169	0.08451231712097997
5.346802971650981	3.990943845146169	0.08544447688990976
5.364265387272958	3.990943845146169	0.086207897183254
5.3784289591399	3.990943845146169	0.08697957631570172
5.389165419751698	3.990943845146169	0.08778924365295687
5.396377538058468	3.990943845146169	0.08850969445462212
5.4	3.990943845146169	0.08894212493848297
4.6	4.0	0.08790274455558592
4.603622461941532	4.0	0.08760609648199691
4.610834580248302	4.0	0.08719203889352047
4.6215710408601	4.0	0.08689760160137515
4.635734612727042	4.0	0.08684556349495767
4.653197028349019	4.0	0.08692411532968664
4.673800145386036	4.0	0.08679477360057754
4.697357378819734	4.0	0.08603574823175682
4.7236553906962095	4.0	0.08435268650424514
4.752456022147562	4.0	0.08174868651365014
4.783498450195479	4.0	0.07856296771650706
4.816501549804521	4.0	0.07535380407011333
4.85116643979397	4.0	0.0726811364264702
4.887179189552092	4.0	0.07089524017325728
4.924213662040366	4.0	0.0700330794473639
4.961934467341006	4.0	0.069866619103279
5.0	4.0	0.07006848534733963
5.038065532658994	4.0	0.07040203586836483
5.075786337959634	4.0	0.07083541539713223
5.112820810447907	4.0	0.07152498030292945
5.14883356020603	4.0	0.07268641019755984
5.183498450195479	4.0	0.07443184093177561
5.216501549804521	4.0	0.07666650993967582
5.247543977852438	4.0	0.07910200017500268
5.2763446093037905	4.0	0.08137676955341697
5.302642621180266	4.0	0.08321560879059536
5.326199854613964	4.0	0.08454024412590838
5.346802971650981	4.0	0.08547303416220817
5.364265387272958	4.0	0.08623668686371655
5.3784289591399	4.0	0.08701032554242738
5.389165419751698	4.0	0.08782407819707072
5.396377538058468	4.0	0.08854931137311586
5.4	4.0	0.08898495723496261
