Descriptors for configuration # 1: 
8.334779e+01   1.543908e-08   4.261668e-08   5.087211e-08   4.289172e+00   4.836749e-07   2.558082e+01   2.237776e+01   1.843971e-08   -4.262691e-08   8.035840e-08   -3.725346e+00   7.895737e-08   -9.176078e+00   6.008127e+00   4.653813e-08   6.616127e-08   1.563033e-07   3.235638e+00   8.288360e-08   3.291545e+00   

Descriptors for configuration # 2: 
6.372160e+01   9.452485e-01   1.803624e+00   2.596997e+00   5.148653e+00   4.314098e+00   6.862214e+00   1.711694e+01   -1.126667e-01   -4.056343e-02   9.862030e-01   4.793569e-01   4.188163e-01   -7.311030e-01   4.920163e+00   8.071776e-01   1.310732e+00   2.091471e+00   2.037838e+00   1.703086e+00   1.873234e+00   

Descriptors for configuration # 3: 
5.877360e+01   1.386672e+00   3.063263e+00   4.284897e+00   5.331033e+00   4.710160e+00   5.402837e+00   1.315760e+01   -3.129097e-01   -1.444438e-01   1.010507e+00   7.963817e-01   4.761091e-01   -7.585339e-02   3.447015e+00   9.926164e-01   1.672913e+00   2.170648e+00   1.860380e+00   1.829315e+00   1.972553e+00   

Descriptors for configuration # 4: 
5.893708e+01   1.329515e+00   3.370713e+00   4.040853e+00   5.369785e+00   4.182291e+00   6.652475e+00   1.334399e+01   -2.883915e-01   -2.057227e-01   8.315472e-01   6.203710e-01   4.327175e-01   -3.634719e-01   3.449939e+00   1.184479e+00   1.350126e+00   2.038598e+00   2.046307e+00   1.691138e+00   1.835298e+00   

Descriptors for configuration # 5: 
5.962668e+01   1.102421e+00   3.498711e+00   3.615248e+00   5.649541e+00   4.175386e+00   7.851328e+00   1.489962e+01   -3.333782e-01   -3.216678e-01   7.968881e-01   4.957105e-01   5.113751e-01   -7.164701e-01   4.091370e+00   1.161357e+00   1.484833e+00   2.031807e+00   1.895801e+00   1.585276e+00   1.956762e+00   

Descriptors for configuration # 6: 
6.044733e+01   1.090083e+00   3.444279e+00   3.337070e+00   5.839929e+00   4.041744e+00   7.841322e+00   1.624190e+01   -2.985699e-01   -4.401616e-01   7.188650e-01   5.485182e-01   4.920725e-01   -7.584308e-01   4.703464e+00   1.176418e+00   1.393211e+00   1.898131e+00   1.975273e+00   1.677871e+00   1.904592e+00   

Descriptors for configuration # 7: 
6.074248e+01   1.060374e+00   3.413665e+00   3.572485e+00   5.550572e+00   4.076542e+00   7.242125e+00   1.619742e+01   -2.464728e-01   -3.856462e-01   8.399803e-01   4.828553e-01   3.886773e-01   -6.695844e-01   4.641511e+00   1.123938e+00   1.297774e+00   2.039084e+00   2.071082e+00   1.677459e+00   1.995814e+00   

Descriptors for configuration # 8: 
6.068022e+01   9.936290e-01   2.920337e+00   3.457715e+00   5.480281e+00   3.950055e+00   7.376820e+00   1.590904e+01   -2.720865e-01   -3.322711e-01   7.959784e-01   4.480146e-01   4.385271e-01   -6.441583e-01   4.536671e+00   1.023517e+00   1.350989e+00   1.991109e+00   2.098612e+00   1.604298e+00   1.930277e+00   

Descriptors for configuration # 9: 
6.171373e+01   1.070094e+00   2.467032e+00   3.296947e+00   5.415560e+00   4.172211e+00   7.565163e+00   1.571172e+01   -2.958298e-01   -2.667381e-01   7.486534e-01   5.617952e-01   4.786426e-01   -8.467100e-01   4.428180e+00   1.049737e+00   1.418403e+00   1.930468e+00   1.995460e+00   1.698046e+00   1.900262e+00   

Descriptors for configuration # 10: 
6.168518e+01   1.025130e+00   2.377501e+00   3.157530e+00   5.392125e+00   4.162375e+00   7.711658e+00   1.574940e+01   -2.326305e-01   -1.274165e-01   8.116493e-01   5.510659e-01   4.184707e-01   -7.837414e-01   4.417766e+00   9.468054e-01   1.290453e+00   1.940395e+00   2.239287e+00   1.619064e+00   1.904654e+00   

Descriptors for configuration # 11: 
6.215773e+01   9.674512e-01   2.461716e+00   3.177789e+00   5.213573e+00   3.926736e+00   7.353156e+00   1.630953e+01   -2.272414e-01   -2.288241e-01   8.958388e-01   3.471911e-01   3.790281e-01   -8.367457e-01   4.716934e+00   9.723676e-01   1.302119e+00   2.133063e+00   2.080667e+00   1.635084e+00   1.869006e+00   

Descriptors for configuration # 12: 
6.244054e+01   1.070473e+00   2.679085e+00   2.979732e+00   5.350193e+00   3.921444e+00   7.682805e+00   1.611677e+01   -2.540680e-01   -2.253285e-01   8.974176e-01   3.853520e-01   4.052919e-01   -9.386908e-01   4.537293e+00   9.894665e-01   1.299508e+00   2.054935e+00   1.994870e+00   1.647525e+00   1.875339e+00   

Descriptors for configuration # 13: 
6.251961e+01   9.978246e-01   2.760975e+00   3.273215e+00   5.484618e+00   4.022786e+00   7.761239e+00   1.630420e+01   -2.012144e-01   -1.549732e-01   8.776402e-01   5.245480e-01   4.484892e-01   -8.996547e-01   4.605521e+00   9.967193e-01   1.270444e+00   1.946196e+00   2.052387e+00   1.583620e+00   1.860909e+00   

Descriptors for configuration # 14: 
6.263095e+01   1.005882e+00   2.758289e+00   3.472674e+00   5.615950e+00   4.153027e+00   7.526374e+00   1.635816e+01   -1.629568e-01   -9.297329e-02   9.374662e-01   5.868594e-01   4.865499e-01   -7.677114e-01   4.550973e+00   9.490635e-01   1.256463e+00   2.014395e+00   2.189028e+00   1.651920e+00   1.866990e+00   

Descriptors for configuration # 15: 
6.318510e+01   9.150634e-01   2.610969e+00   3.047544e+00   5.443273e+00   4.226037e+00   7.465923e+00   1.630067e+01   -1.579512e-01   -1.190584e-01   7.602203e-01   4.914260e-01   5.343125e-01   -7.290551e-01   4.486175e+00   9.513944e-01   1.415467e+00   1.955591e+00   2.137574e+00   1.675807e+00   1.835470e+00   

Descriptors for configuration # 16: 
6.254797e+01   9.505364e-01   2.652108e+00   2.817046e+00   5.289194e+00   4.133114e+00   7.316857e+00   1.681112e+01   -1.922219e-01   -1.744750e-01   8.121039e-01   4.444101e-01   4.655770e-01   -6.817446e-01   4.856424e+00   9.998891e-01   1.331979e+00   1.985466e+00   2.125767e+00   1.610311e+00   1.844957e+00   

Descriptors for configuration # 17: 
6.242945e+01   9.732912e-01   2.700556e+00   2.741875e+00   5.525178e+00   3.956931e+00   7.042054e+00   1.738409e+01   -2.042401e-01   -2.262142e-01   9.179915e-01   4.403999e-01   4.092097e-01   -8.544693e-01   5.186791e+00   1.030108e+00   1.291117e+00   1.968456e+00   2.107047e+00   1.648004e+00   1.882999e+00   

Descriptors for configuration # 18: 
6.195674e+01   9.464569e-01   2.750556e+00   2.956247e+00   5.678079e+00   3.929642e+00   7.508662e+00   1.697601e+01   -2.796217e-01   -1.708234e-01   7.897760e-01   4.544893e-01   5.040187e-01   -8.030553e-01   4.960195e+00   1.173566e+00   1.314666e+00   1.937813e+00   2.065486e+00   1.643090e+00   1.895097e+00   

Descriptors for configuration # 19: 
6.074725e+01   9.323627e-01   2.795691e+00   3.375494e+00   5.588586e+00   4.095193e+00   7.000071e+00   1.600685e+01   -2.319102e-01   -1.936514e-01   8.612564e-01   5.705159e-01   4.293177e-01   -6.984192e-01   4.552023e+00   1.172754e+00   1.473203e+00   2.045942e+00   2.101628e+00   1.713573e+00   1.878727e+00   

Descriptors for configuration # 20: 
6.117018e+01   1.073170e+00   2.979919e+00   3.748238e+00   5.557855e+00   4.021733e+00   7.166476e+00   1.529370e+01   -2.031514e-01   -2.058722e-01   9.997166e-01   5.807173e-01   4.067050e-01   -7.543303e-01   4.268798e+00   1.064022e+00   1.421384e+00   2.007397e+00   2.078204e+00   1.620893e+00   1.929498e+00   

Descriptors for configuration # 21: 
6.133029e+01   1.149144e+00   2.944614e+00   3.533666e+00   5.777890e+00   4.172782e+00   7.354336e+00   1.566960e+01   -2.643463e-01   -1.999261e-01   8.877405e-01   4.195935e-01   3.961969e-01   -7.822635e-01   4.383980e+00   1.054486e+00   1.311037e+00   2.002731e+00   1.938485e+00   1.726768e+00   1.824266e+00   

Descriptors for configuration # 22: 
6.274400e+01   9.310574e-01   2.573217e+00   3.148680e+00   5.564083e+00   3.983761e+00   7.730841e+00   1.640789e+01   -2.467120e-01   -1.738601e-01   8.247625e-01   4.488750e-01   3.830081e-01   -8.630757e-01   4.600808e+00   9.548630e-01   1.234254e+00   1.992531e+00   2.000198e+00   1.568194e+00   1.829378e+00   

Descriptors for configuration # 23: 
6.236107e+01   1.005370e+00   2.430730e+00   2.997506e+00   5.393970e+00   4.009083e+00   7.775309e+00   1.646459e+01   -2.330193e-01   -2.968688e-01   9.550518e-01   4.351548e-01   4.046536e-01   -7.924844e-01   4.843854e+00   9.913221e-01   1.271311e+00   2.079212e+00   1.907718e+00   1.568267e+00   1.826207e+00   

Descriptors for configuration # 24: 
6.246061e+01   1.146338e+00   2.375965e+00   3.017395e+00   5.399837e+00   4.114200e+00   7.406524e+00   1.587112e+01   -2.265754e-01   -1.833561e-01   9.261978e-01   6.654409e-01   5.064115e-01   -7.993480e-01   4.459483e+00   9.667989e-01   1.314113e+00   2.069351e+00   2.079681e+00   1.686935e+00   1.875296e+00   

Descriptors for configuration # 25: 
6.178875e+01   1.156824e+00   2.580001e+00   3.141577e+00   5.380272e+00   4.044543e+00   7.099950e+00   1.575206e+01   -2.528392e-01   -2.418313e-01   9.805495e-01   6.441985e-01   4.162691e-01   -7.122907e-01   4.381575e+00   1.068129e+00   1.307939e+00   2.141684e+00   2.021880e+00   1.683944e+00   1.915441e+00   

Descriptors for configuration # 26: 
6.155789e+01   1.131005e+00   2.621065e+00   3.312094e+00   5.195242e+00   3.978125e+00   7.225921e+00   1.554538e+01   -2.257704e-01   -2.132406e-01   9.293964e-01   5.817961e-01   3.763963e-01   -7.293007e-01   4.400912e+00   1.040108e+00   1.277704e+00   2.011697e+00   2.064532e+00   1.720323e+00   1.864864e+00   

Descriptors for configuration # 27: 
6.213043e+01   9.580447e-01   2.652122e+00   3.254168e+00   5.386534e+00   3.997557e+00   7.414280e+00   1.643186e+01   -1.599927e-01   -1.561158e-01   9.021513e-01   4.364938e-01   4.243383e-01   -7.079204e-01   4.697556e+00   1.004261e+00   1.232124e+00   1.940418e+00   2.037786e+00   1.624083e+00   1.765168e+00   

Descriptors for configuration # 28: 
6.188611e+01   1.035384e+00   2.674382e+00   3.137306e+00   5.677704e+00   4.092490e+00   7.670328e+00   1.671625e+01   -2.319212e-01   -2.764822e-01   8.841867e-01   4.902664e-01   3.544444e-01   -8.297672e-01   4.800506e+00   1.000536e+00   1.232509e+00   1.997740e+00   1.987545e+00   1.640111e+00   1.895628e+00   

Descriptors for configuration # 29: 
6.211634e+01   9.766380e-01   2.914709e+00   3.132161e+00   5.634865e+00   3.906173e+00   7.642565e+00   1.624891e+01   -2.160234e-01   -2.328552e-01   8.172682e-01   4.702932e-01   4.531621e-01   -8.151695e-01   4.568528e+00   1.076839e+00   1.302690e+00   2.002415e+00   2.033061e+00   1.625371e+00   1.917434e+00   

Descriptors for configuration # 30: 
6.071359e+01   1.015284e+00   2.870045e+00   3.382669e+00   5.537060e+00   4.054440e+00   7.210899e+00   1.607941e+01   -2.271806e-01   -1.058112e-01   9.403364e-01   6.906568e-01   4.652827e-01   -8.423383e-01   4.652488e+00   1.108962e+00   1.312122e+00   2.114628e+00   2.169600e+00   1.548676e+00   1.875421e+00   

Descriptors for configuration # 31: 
6.164502e+01   1.099049e+00   2.634726e+00   3.251827e+00   5.372319e+00   4.325704e+00   6.809954e+00   1.586893e+01   -2.812206e-01   -1.764211e-01   8.245275e-01   5.478588e-01   4.800507e-01   -5.440590e-01   4.464702e+00   1.116071e+00   1.367295e+00   1.982559e+00   2.047589e+00   1.776226e+00   1.862517e+00   

Descriptors for configuration # 32: 
6.225101e+01   1.109163e+00   2.290599e+00   2.922109e+00   5.648382e+00   3.965823e+00   7.656351e+00   1.647091e+01   -2.221541e-01   -1.484879e-01   8.434819e-01   4.994921e-01   4.043618e-01   -7.223978e-01   4.697351e+00   9.479924e-01   1.325980e+00   1.950595e+00   1.865007e+00   1.625394e+00   1.923811e+00   
